10196
10198
10201
10261
10271
10427
10455
10460
10852
12412
13306
13527
13624
13627
13935
14088
14293
14309
14393
14514
14534
14836
14917
14930
14934
14951
14952
14953
15055
15093
15394
15410
15575
15750
15838
15972
16120
16193
16245
16483
16510
16631
17648
18240
18420
18773
1880
18892
19100
19194
19260
1938
19414
19421
19467
19470
19474
19752
19761
19762
19766
19767
19830
19854
19885
19898
19933
19986
20147
20148
20150
20158
20205
20299
20302
20367
20550
20587
20814
2084
20853
20870
20873
20874
20876
20879
20884
20886
20892
20910
20911
20917
20936
2102
2104
2124
2129
21309
21332
21374
21379
21397
2140
21423
21479
21501
21555
21587
21588
21602
21643
21708
21728
21744
21778
21786
21789
21791
21795
21797
2181
21896
21967
21968
21974
21980
21990
21992
21993
22032
22035
22037
22046
22047
2205
22050
22114
22127
22166
22168
22181
22183
22184
22185
22191
22194
22256
22261
22315
22325
22357
22410
22481
22510
22542
22550
22565
22599
22602
22642
22659
22675
22679
22702
22706
22741
22772
2278
22870
22971
22996
23002
23015
23064
23116
23135
23150
23165
23172
23187
23220
2327
23405
23430
23686
23798
23860
23861
23862
23936
23938
23944
24013
24014
2408
24194
24215
24219
24220
24340
24342
24364
24387
24410
24412
24444
24477
24519
24532
24538
24545
24557
24566
24573
24580
24590
24596
24617
24625
24644
24647
24674
24700
24729
24732
2548
2549
2595
2605
2940
3125
31293
31355
31419
31499
31578
31689
31702
31708
31833
31836
31892
31898
31900
31901
31944
31945
31946
31947
31948
31949
31995
32041
32045
32179
32214
32228
32340
32355
32356
32357
32380
32382
32386
32391
32408
32410
32413
32416
32431
32435
32446
32460
32482
32487
32520
32527
32606
32648
32654
32658
32659
32660
32661
32904
32920
32921
32941
33035
33042
33047
33082
33142
33145
33215
33600
33679
33684
33732
33738
33761
33926
33968
34005
34094
34098
34111
34242
34274
34285
34359
34414
34418
34450
34544
34547
34548
34549
34575
34577
34656
34668
35033
35250
35252
35302
35347
35350
35356
35392
35415
35417
35419
35421
35428
35430
35433
35467
35476
35491
35553
35554
35574
35582
35588
35593
35594
35613
35623
35626
35631
35643
35645
35646
35647
35666
35669
35732
35744
35866
35934
36026
36028
36030
36034
36036
36038
36089
36106
36128
36221
36489
36503
36558
36586
36647
36705
36714
36739
36774
36775
36825
36832
36842
36851
36888
36895
36897
36898
36899
36904
36908
36909
36912
36914
36918
36926
36927
36931
36933
36945
36987
36993
36998
37009
37033
37036
37096
37129
37137
37155
37186
37208
37218
37281
37309
37311
37350
37352
37353
37385
37457
37488
37496
37501
37515
37541
37552
37559
37579
37629
37753
37769
37810
37831
37832
37873
37874
37890
37899
38073
38098
38139
38163
38825
38831
38842
38843
38872
38974
38977
39060
39100
39148
39221
39256
39281
39283
39312
39423
39471
39472
39500
39518
39853
39920
39934
39946
39947
40004
40020
40049
40063
40074
40096
40170
40191
40252
40311
40334
40344
40360
40777
5266
5377
5394
5397
5413
5566
6165
6369
6895
7387
7555
7590
7652
7656
7769
8220
8487
8554
8815
8950
920
9208
9266
9299
9545
9663
9668
9702
9733
9765
9766
9787
9792
9797
9809
9825
9830
988
9881
9902
9966
9968
9984
9985
